VALOR;FREC. ABSOLUTA;FREC. RELATIVA;FREC. ABS. ACUMULADA;FREC. RE. ACUMULADA
42.03;1.0;0.001287001287001287;1.0;0.001287001287001287
42.15;1.0;0.001287001287001287;2.0;0.002574002574002574
42.17;1.0;0.001287001287001287;3.0;0.003861003861003861
42.24;1.0;0.001287001287001287;4.0;0.005148005148005148
42.39;1.0;0.001287001287001287;5.0;0.006435006435006435
42.4;1.0;0.001287001287001287;6.0;0.007722007722007721
42.52;1.0;0.001287001287001287;7.0;0.009009009009009009
42.73;1.0;0.001287001287001287;8.0;0.010296010296010296
42.79;1.0;0.001287001287001287;9.0;0.011583011583011582
42.98;1.0;0.001287001287001287;10.0;0.01287001287001287
43.06;1.0;0.001287001287001287;11.0;0.014157014157014156
43.07;1.0;0.001287001287001287;12.0;0.015444015444015443
43.28;1.0;0.001287001287001287;13.0;0.01673101673101673
44.01;1.0;0.001287001287001287;14.0;0.018018018018018018
44.22;1.0;0.001287001287001287;15.0;0.019305019305019305
44.28;1.0;0.001287001287001287;16.0;0.02059202059202059
44.29;1.0;0.001287001287001287;17.0;0.021879021879021878
44.59;1.0;0.001287001287001287;18.0;0.023166023166023165
45.06;1.0;0.001287001287001287;19.0;0.02445302445302445
45.12;1.0;0.001287001287001287;20.0;0.02574002574002574
45.5;1.0;0.001287001287001287;21.0;0.027027027027027025
45.53;1.0;0.001287001287001287;22.0;0.028314028314028312
45.79;1.0;0.001287001287001287;23.0;0.0296010296010296
45.83;1.0;0.001287001287001287;24.0;0.030888030888030885
45.86;1.0;0.001287001287001287;25.0;0.032175032175032175
45.88;1.0;0.001287001287001287;26.0;0.03346203346203346
45.95;1.0;0.001287001287001287;27.0;0.03474903474903475
46.08;2.0;0.002574002574002574;29.0;0.03732303732303732
46.1;1.0;0.001287001287001287;30.0;0.03861003861003861
46.12;1.0;0.001287001287001287;31.0;0.039897039897039896
46.15;1.0;0.001287001287001287;32.0;0.04118404118404118
46.19;1.0;0.001287001287001287;33.0;0.04247104247104247
46.22;1.0;0.001287001287001287;34.0;0.043758043758043756
46.25;2.0;0.002574002574002574;36.0;0.04633204633204633
46.29;1.0;0.001287001287001287;37.0;0.047619047619047616
46.31;1.0;0.001287001287001287;38.0;0.0489060489060489
46.35;1.0;0.001287001287001287;39.0;0.05019305019305019
46.4;2.0;0.002574002574002574;41.0;0.05276705276705276
46.46;2.0;0.002574002574002574;43.0;0.05534105534105534
46.47;1.0;0.001287001287001287;44.0;0.056628056628056624
46.6;2.0;0.002574002574002574;46.0;0.0592020592020592
46.66;3.0;0.003861003861003861;49.0;0.06306306306306306
46.73;1.0;0.001287001287001287;50.0;0.06435006435006435
46.88;2.0;0.002574002574002574;52.0;0.06692406692406692
46.96;1.0;0.001287001287001287;53.0;0.06821106821106822
46.99;1.0;0.001287001287001287;54.0;0.06949806949806951
47.02;1.0;0.001287001287001287;55.0;0.0707850707850708
47.05;1.0;0.001287001287001287;56.0;0.0720720720720721
47.06;1.0;0.001287001287001287;57.0;0.07335907335907339
47.09;1.0;0.001287001287001287;58.0;0.07464607464607469
47.1;1.0;0.001287001287001287;59.0;0.07593307593307598
47.21;1.0;0.001287001287001287;60.0;0.07722007722007727
47.22;1.0;0.001287001287001287;61.0;0.07850707850707857
47.31;2.0;0.002574002574002574;63.0;0.08108108108108114
47.35;1.0;0.001287001287001287;64.0;0.08236808236808243
47.39;1.0;0.001287001287001287;65.0;0.08365508365508373
47.44;1.0;0.001287001287001287;66.0;0.08494208494208502
47.45;1.0;0.001287001287001287;67.0;0.08622908622908632
47.51;1.0;0.001287001287001287;68.0;0.08751608751608761
47.53;1.0;0.001287001287001287;69.0;0.0888030888030889
47.57;1.0;0.001287001287001287;70.0;0.0900900900900902
47.61;1.0;0.001287001287001287;71.0;0.09137709137709149
47.62;2.0;0.002574002574002574;73.0;0.09395109395109406
47.64;1.0;0.001287001287001287;74.0;0.09523809523809536
47.66;1.0;0.001287001287001287;75.0;0.09652509652509665
47.67;1.0;0.001287001287001287;76.0;0.09781209781209795
47.74;1.0;0.001287001287001287;77.0;0.09909909909909924
47.78;1.0;0.001287001287001287;78.0;0.10038610038610053
47.82;1.0;0.001287001287001287;79.0;0.10167310167310183
47.86;1.0;0.001287001287001287;80.0;0.10296010296010312
47.87;2.0;0.002574002574002574;82.0;0.1055341055341057
47.89;3.0;0.003861003861003861;85.0;0.10939510939510956
47.94;1.0;0.001287001287001287;86.0;0.11068211068211085
47.95;1.0;0.001287001287001287;87.0;0.11196911196911215
47.99;2.0;0.002574002574002574;89.0;0.11454311454311472
48.0;1.0;0.001287001287001287;90.0;0.11583011583011601
48.03;1.0;0.001287001287001287;91.0;0.11711711711711731
48.08;2.0;0.002574002574002574;93.0;0.11969111969111988
48.11;1.0;0.001287001287001287;94.0;0.12097812097812118
48.13;2.0;0.002574002574002574;96.0;0.12355212355212375
48.14;1.0;0.001287001287001287;97.0;0.12483912483912504
48.19;1.0;0.001287001287001287;98.0;0.12612612612612634
48.23;1.0;0.001287001287001287;99.0;0.12741312741312763
48.24;1.0;0.001287001287001287;100.0;0.12870012870012892
48.27;2.0;0.002574002574002574;102.0;0.1312741312741315
48.28;1.0;0.001287001287001287;103.0;0.1325611325611328
48.3;1.0;0.001287001287001287;104.0;0.1338481338481341
48.34;4.0;0.005148005148005148;108.0;0.13899613899613925
48.37;2.0;0.002574002574002574;110.0;0.14157014157014183
48.39;1.0;0.001287001287001287;111.0;0.14285714285714313
48.4;1.0;0.001287001287001287;112.0;0.14414414414414442
48.42;1.0;0.001287001287001287;113.0;0.14543114543114571
48.43;1.0;0.001287001287001287;114.0;0.146718146718147
48.44;2.0;0.002574002574002574;116.0;0.1492921492921496
48.46;2.0;0.002574002574002574;118.0;0.15186615186615218
48.47;1.0;0.001287001287001287;119.0;0.15315315315315348
48.53;2.0;0.002574002574002574;121.0;0.15572715572715606
48.57;1.0;0.001287001287001287;122.0;0.15701415701415736
48.59;1.0;0.001287001287001287;123.0;0.15830115830115865
48.6;1.0;0.001287001287001287;124.0;0.15958815958815994
48.67;1.0;0.001287001287001287;125.0;0.16087516087516124
48.69;1.0;0.001287001287001287;126.0;0.16216216216216253
48.72;2.0;0.002574002574002574;128.0;0.16473616473616512
48.75;2.0;0.002574002574002574;130.0;0.1673101673101677
48.76;2.0;0.002574002574002574;132.0;0.1698841698841703
48.78;1.0;0.001287001287001287;133.0;0.1711711711711716
48.8;1.0;0.001287001287001287;134.0;0.17245817245817288
48.81;1.0;0.001287001287001287;135.0;0.17374517374517418
48.83;2.0;0.002574002574002574;137.0;0.17631917631917676
48.84;1.0;0.001287001287001287;138.0;0.17760617760617806
48.86;1.0;0.001287001287001287;139.0;0.17889317889317935
48.89;2.0;0.002574002574002574;141.0;0.18146718146718194
48.95;1.0;0.001287001287001287;142.0;0.18275418275418323
48.97;1.0;0.001287001287001287;143.0;0.18404118404118452
48.98;2.0;0.002574002574002574;145.0;0.1866151866151871
49.0;2.0;0.002574002574002574;147.0;0.1891891891891897
49.06;1.0;0.001287001287001287;148.0;0.190476190476191
49.08;1.0;0.001287001287001287;149.0;0.1917631917631923
49.1;1.0;0.001287001287001287;150.0;0.19305019305019358
49.12;1.0;0.001287001287001287;151.0;0.19433719433719487
49.13;1.0;0.001287001287001287;152.0;0.19562419562419617
49.14;1.0;0.001287001287001287;153.0;0.19691119691119746
49.15;3.0;0.003861003861003861;156.0;0.20077220077220131
49.17;2.0;0.002574002574002574;158.0;0.2033462033462039
49.2;1.0;0.001287001287001287;159.0;0.2046332046332052
49.21;1.0;0.001287001287001287;160.0;0.2059202059202065
49.22;1.0;0.001287001287001287;161.0;0.20720720720720778
49.31;1.0;0.001287001287001287;162.0;0.20849420849420908
49.35;2.0;0.002574002574002574;164.0;0.21106821106821166
49.38;1.0;0.001287001287001287;165.0;0.21235521235521296
49.39;2.0;0.002574002574002574;167.0;0.21492921492921555
49.41;2.0;0.002574002574002574;169.0;0.21750321750321813
49.48;1.0;0.001287001287001287;170.0;0.21879021879021943
49.5;1.0;0.001287001287001287;171.0;0.22007722007722072
49.51;1.0;0.001287001287001287;172.0;0.221364221364222
49.53;2.0;0.002574002574002574;174.0;0.2239382239382246
49.55;2.0;0.002574002574002574;176.0;0.2265122265122272
49.56;1.0;0.001287001287001287;177.0;0.22779922779922848
49.58;2.0;0.002574002574002574;179.0;0.23037323037323107
49.61;1.0;0.001287001287001287;180.0;0.23166023166023236
49.62;1.0;0.001287001287001287;181.0;0.23294723294723366
49.67;1.0;0.001287001287001287;182.0;0.23423423423423495
49.68;1.0;0.001287001287001287;183.0;0.23552123552123624
49.69;1.0;0.001287001287001287;184.0;0.23680823680823754
49.7;1.0;0.001287001287001287;185.0;0.23809523809523883
49.72;1.0;0.001287001287001287;186.0;0.23938223938224013
49.73;1.0;0.001287001287001287;187.0;0.24066924066924142
49.75;1.0;0.001287001287001287;188.0;0.2419562419562427
49.76;1.0;0.001287001287001287;189.0;0.243243243243244
49.77;1.0;0.001287001287001287;190.0;0.2445302445302453
49.78;1.0;0.001287001287001287;191.0;0.2458172458172466
49.82;3.0;0.003861003861003861;194.0;0.24967824967825045
49.84;1.0;0.001287001287001287;195.0;0.25096525096525174
49.85;2.0;0.002574002574002574;197.0;0.25353925353925433
49.88;1.0;0.001287001287001287;198.0;0.2548262548262556
49.89;2.0;0.002574002574002574;200.0;0.2574002574002582
49.93;1.0;0.001287001287001287;201.0;0.25868725868725945
49.94;1.0;0.001287001287001287;202.0;0.2599742599742607
49.96;1.0;0.001287001287001287;203.0;0.261261261261262
50.0;1.0;0.001287001287001287;204.0;0.26254826254826324
50.01;1.0;0.001287001287001287;205.0;0.2638352638352645
50.03;1.0;0.001287001287001287;206.0;0.2651222651222658
50.07;1.0;0.001287001287001287;207.0;0.26640926640926704
50.12;2.0;0.002574002574002574;209.0;0.26898326898326963
50.16;1.0;0.001287001287001287;210.0;0.2702702702702709
50.18;3.0;0.003861003861003861;213.0;0.27413127413127475
50.23;1.0;0.001287001287001287;214.0;0.275418275418276
50.24;1.0;0.001287001287001287;215.0;0.2767052767052773
50.25;1.0;0.001287001287001287;216.0;0.27799227799227855
50.27;1.0;0.001287001287001287;217.0;0.2792792792792798
50.28;1.0;0.001287001287001287;218.0;0.2805662805662811
50.29;1.0;0.001287001287001287;219.0;0.28185328185328234
50.37;2.0;0.002574002574002574;221.0;0.28442728442728493
50.42;1.0;0.001287001287001287;222.0;0.2857142857142862
50.46;2.0;0.002574002574002574;224.0;0.2882882882882888
50.49;1.0;0.001287001287001287;225.0;0.28957528957529005
50.5;2.0;0.002574002574002574;227.0;0.29214929214929264
50.52;1.0;0.001287001287001287;228.0;0.2934362934362939
50.53;1.0;0.001287001287001287;229.0;0.29472329472329517
50.64;1.0;0.001287001287001287;230.0;0.29601029601029644
50.77;1.0;0.001287001287001287;231.0;0.2972972972972977
50.8;1.0;0.001287001287001287;232.0;0.29858429858429897
50.81;1.0;0.001287001287001287;233.0;0.29987129987130023
50.89;1.0;0.001287001287001287;234.0;0.3011583011583015
50.92;1.0;0.001287001287001287;235.0;0.30244530244530277
50.94;1.0;0.001287001287001287;236.0;0.30373230373230403
50.95;1.0;0.001287001287001287;237.0;0.3050193050193053
50.97;1.0;0.001287001287001287;238.0;0.30630630630630656
50.99;1.0;0.001287001287001287;239.0;0.30759330759330783
51.0;1.0;0.001287001287001287;240.0;0.3088803088803091
51.02;1.0;0.001287001287001287;241.0;0.31016731016731036
51.03;1.0;0.001287001287001287;242.0;0.3114543114543116
51.11;1.0;0.001287001287001287;243.0;0.3127413127413129
51.13;1.0;0.001287001287001287;244.0;0.31402831402831416
51.14;1.0;0.001287001287001287;245.0;0.3153153153153154
51.15;1.0;0.001287001287001287;246.0;0.3166023166023167
51.22;1.0;0.001287001287001287;247.0;0.31788931788931796
51.24;1.0;0.001287001287001287;248.0;0.3191763191763192
51.26;1.0;0.001287001287001287;249.0;0.3204633204633205
51.28;1.0;0.001287001287001287;250.0;0.32175032175032175
51.29;1.0;0.001287001287001287;251.0;0.323037323037323
51.33;1.0;0.001287001287001287;252.0;0.3243243243243243
51.34;1.0;0.001287001287001287;253.0;0.32561132561132555
51.36;1.0;0.001287001287001287;254.0;0.3268983268983268
51.37;1.0;0.001287001287001287;255.0;0.3281853281853281
51.4;1.0;0.001287001287001287;256.0;0.32947232947232935
51.46;1.0;0.001287001287001287;257.0;0.3307593307593306
51.51;1.0;0.001287001287001287;258.0;0.3320463320463319
51.53;1.0;0.001287001287001287;259.0;0.33333333333333315
51.61;1.0;0.001287001287001287;260.0;0.3346203346203344
51.65;1.0;0.001287001287001287;261.0;0.3359073359073357
51.68;2.0;0.002574002574002574;263.0;0.33848133848133827
51.7;1.0;0.001287001287001287;264.0;0.33976833976833953
51.86;1.0;0.001287001287001287;265.0;0.3410553410553408
51.88;1.0;0.001287001287001287;266.0;0.34234234234234207
51.96;1.0;0.001287001287001287;267.0;0.34362934362934333
51.99;1.0;0.001287001287001287;268.0;0.3449163449163446
52.0;1.0;0.001287001287001287;269.0;0.34620334620334586
52.1;1.0;0.001287001287001287;270.0;0.34749034749034713
52.2;2.0;0.002574002574002574;272.0;0.3500643500643497
52.21;2.0;0.002574002574002574;274.0;0.3526383526383523
52.25;1.0;0.001287001287001287;275.0;0.35392535392535357
52.34;1.0;0.001287001287001287;276.0;0.35521235521235484
52.39;1.0;0.001287001287001287;277.0;0.3564993564993561
52.41;1.0;0.001287001287001287;278.0;0.35778635778635737
52.46;1.0;0.001287001287001287;279.0;0.35907335907335863
52.55;1.0;0.001287001287001287;280.0;0.3603603603603599
52.57;1.0;0.001287001287001287;281.0;0.36164736164736117
52.61;1.0;0.001287001287001287;282.0;0.36293436293436243
52.62;1.0;0.001287001287001287;283.0;0.3642213642213637
52.63;1.0;0.001287001287001287;284.0;0.36550836550836496
52.67;1.0;0.001287001287001287;285.0;0.36679536679536623
52.7;1.0;0.001287001287001287;286.0;0.3680823680823675
52.82;1.0;0.001287001287001287;287.0;0.36936936936936876
52.9;1.0;0.001287001287001287;288.0;0.37065637065637
52.91;1.0;0.001287001287001287;289.0;0.3719433719433713
52.95;1.0;0.001287001287001287;290.0;0.37323037323037256
52.98;1.0;0.001287001287001287;291.0;0.3745173745173738
53.06;1.0;0.001287001287001287;292.0;0.3758043758043751
53.07;1.0;0.001287001287001287;293.0;0.37709137709137636
53.08;1.0;0.001287001287001287;294.0;0.3783783783783776
53.15;2.0;0.002574002574002574;296.0;0.3809523809523802
53.24;1.0;0.001287001287001287;297.0;0.3822393822393815
53.27;1.0;0.001287001287001287;298.0;0.38352638352638274
53.31;1.0;0.001287001287001287;299.0;0.384813384813384
53.32;1.0;0.001287001287001287;300.0;0.3861003861003853
53.4;1.0;0.001287001287001287;301.0;0.38738738738738654
53.43;1.0;0.001287001287001287;302.0;0.3886743886743878
53.48;1.0;0.001287001287001287;303.0;0.38996138996138907
53.5;1.0;0.001287001287001287;304.0;0.39124839124839034
53.63;1.0;0.001287001287001287;305.0;0.3925353925353916
53.65;1.0;0.001287001287001287;306.0;0.39382239382239287
53.66;4.0;0.005148005148005148;310.0;0.39897039897039804
53.68;1.0;0.001287001287001287;311.0;0.4002574002573993
53.71;2.0;0.002574002574002574;313.0;0.4028314028314019
53.8;1.0;0.001287001287001287;314.0;0.40411840411840316
53.84;2.0;0.002574002574002574;316.0;0.40669240669240575
53.94;1.0;0.001287001287001287;317.0;0.407979407979407
53.95;1.0;0.001287001287001287;318.0;0.4092664092664083
53.99;1.0;0.001287001287001287;319.0;0.41055341055340955
54.02;1.0;0.001287001287001287;320.0;0.4118404118404108
54.07;1.0;0.001287001287001287;321.0;0.4131274131274121
54.13;1.0;0.001287001287001287;322.0;0.41441441441441335
54.17;2.0;0.002574002574002574;324.0;0.41698841698841593
54.28;1.0;0.001287001287001287;325.0;0.4182754182754172
54.32;1.0;0.001287001287001287;326.0;0.41956241956241846
54.37;1.0;0.001287001287001287;327.0;0.42084942084941973
54.38;1.0;0.001287001287001287;328.0;0.422136422136421
54.41;3.0;0.003861003861003861;331.0;0.42599742599742485
54.42;1.0;0.001287001287001287;332.0;0.4272844272844261
54.46;1.0;0.001287001287001287;333.0;0.4285714285714274
54.54;1.0;0.001287001287001287;334.0;0.42985842985842865
54.55;1.0;0.001287001287001287;335.0;0.4311454311454299
54.59;1.0;0.001287001287001287;336.0;0.4324324324324312
54.62;1.0;0.001287001287001287;337.0;0.43371943371943245
54.65;1.0;0.001287001287001287;338.0;0.4350064350064337
54.66;1.0;0.001287001287001287;339.0;0.436293436293435
54.7;1.0;0.001287001287001287;340.0;0.43758043758043624
54.72;1.0;0.001287001287001287;341.0;0.4388674388674375
54.77;1.0;0.001287001287001287;342.0;0.4401544401544388
54.78;1.0;0.001287001287001287;343.0;0.44144144144144004
54.79;2.0;0.002574002574002574;345.0;0.44401544401544263
54.8;1.0;0.001287001287001287;346.0;0.4453024453024439
54.87;1.0;0.001287001287001287;347.0;0.44658944658944516
54.96;1.0;0.001287001287001287;348.0;0.4478764478764464
54.98;1.0;0.001287001287001287;349.0;0.4491634491634477
55.0;2.0;0.002574002574002574;351.0;0.4517374517374503
55.02;2.0;0.002574002574002574;353.0;0.45431145431145287
55.03;1.0;0.001287001287001287;354.0;0.45559845559845413
55.07;1.0;0.001287001287001287;355.0;0.4568854568854554
55.1;1.0;0.001287001287001287;356.0;0.45817245817245666
55.2;1.0;0.001287001287001287;357.0;0.45945945945945793
55.26;1.0;0.001287001287001287;358.0;0.4607464607464592
55.28;1.0;0.001287001287001287;359.0;0.46203346203346046
55.39;1.0;0.001287001287001287;360.0;0.46332046332046173
55.4;1.0;0.001287001287001287;361.0;0.464607464607463
55.5;1.0;0.001287001287001287;362.0;0.46589446589446426
55.51;2.0;0.002574002574002574;364.0;0.46846846846846685
55.52;2.0;0.002574002574002574;366.0;0.47104247104246944
55.53;1.0;0.001287001287001287;367.0;0.4723294723294707
55.55;1.0;0.001287001287001287;368.0;0.47361647361647197
55.6;1.0;0.001287001287001287;369.0;0.47490347490347323
55.61;1.0;0.001287001287001287;370.0;0.4761904761904745
55.66;2.0;0.002574002574002574;372.0;0.4787644787644771
55.67;1.0;0.001287001287001287;373.0;0.48005148005147835
55.72;1.0;0.001287001287001287;374.0;0.4813384813384796
55.73;1.0;0.001287001287001287;375.0;0.4826254826254809
55.77;3.0;0.003861003861003861;378.0;0.48648648648648474
55.78;1.0;0.001287001287001287;379.0;0.487773487773486
55.85;1.0;0.001287001287001287;380.0;0.48906048906048727
56.02;1.0;0.001287001287001287;381.0;0.49034749034748853
56.03;1.0;0.001287001287001287;382.0;0.4916344916344898
56.1;1.0;0.001287001287001287;383.0;0.49292149292149107
56.11;1.0;0.001287001287001287;384.0;0.49420849420849233
56.18;1.0;0.001287001287001287;385.0;0.4954954954954936
56.25;2.0;0.002574002574002574;387.0;0.4980694980694962
56.26;1.0;0.001287001287001287;388.0;0.49935649935649745
56.32;1.0;0.001287001287001287;389.0;0.5006435006434987
56.36;1.0;0.001287001287001287;390.0;0.5019305019305
56.53;1.0;0.001287001287001287;391.0;0.5032175032175014
56.65;1.0;0.001287001287001287;392.0;0.5045045045045027
56.68;2.0;0.002574002574002574;394.0;0.5070785070785052
56.72;1.0;0.001287001287001287;395.0;0.5083655083655065
56.83;2.0;0.002574002574002574;397.0;0.5109395109395091
56.85;3.0;0.003861003861003861;400.0;0.5148005148005129
56.86;1.0;0.001287001287001287;401.0;0.5160875160875142
56.91;1.0;0.001287001287001287;402.0;0.5173745173745156
57.0;2.0;0.002574002574002574;404.0;0.5199485199485181
57.07;3.0;0.003861003861003861;407.0;0.523809523809522
57.1;1.0;0.001287001287001287;408.0;0.5250965250965233
57.21;1.0;0.001287001287001287;409.0;0.5263835263835246
57.23;1.0;0.001287001287001287;410.0;0.5276705276705259
57.33;1.0;0.001287001287001287;411.0;0.5289575289575272
57.43;1.0;0.001287001287001287;412.0;0.5302445302445286
57.47;1.0;0.001287001287001287;413.0;0.5315315315315299
57.48;1.0;0.001287001287001287;414.0;0.5328185328185312
57.5;1.0;0.001287001287001287;415.0;0.5341055341055325
57.68;1.0;0.001287001287001287;416.0;0.5353925353925338
57.76;1.0;0.001287001287001287;417.0;0.5366795366795352
57.79;1.0;0.001287001287001287;418.0;0.5379665379665365
57.84;1.0;0.001287001287001287;419.0;0.5392535392535378
57.87;1.0;0.001287001287001287;420.0;0.5405405405405391
57.9;1.0;0.001287001287001287;421.0;0.5418275418275404
57.93;1.0;0.001287001287001287;422.0;0.5431145431145418
57.96;1.0;0.001287001287001287;423.0;0.5444015444015431
57.97;1.0;0.001287001287001287;424.0;0.5456885456885444
58.07;1.0;0.001287001287001287;425.0;0.5469755469755457
58.14;1.0;0.001287001287001287;426.0;0.5482625482625471
58.32;1.0;0.001287001287001287;427.0;0.5495495495495484
58.5;1.0;0.001287001287001287;428.0;0.5508365508365497
58.51;2.0;0.002574002574002574;430.0;0.5534105534105522
58.53;2.0;0.002574002574002574;432.0;0.5559845559845548
58.58;1.0;0.001287001287001287;433.0;0.5572715572715561
58.63;1.0;0.001287001287001287;434.0;0.5585585585585574
58.75;1.0;0.001287001287001287;435.0;0.5598455598455587
58.77;1.0;0.001287001287001287;436.0;0.56113256113256
58.91;2.0;0.002574002574002574;438.0;0.5637065637065626
58.92;1.0;0.001287001287001287;439.0;0.5649935649935639
58.97;1.0;0.001287001287001287;440.0;0.5662805662805652
59.0;1.0;0.001287001287001287;441.0;0.5675675675675665
59.06;1.0;0.001287001287001287;442.0;0.5688545688545679
59.1;1.0;0.001287001287001287;443.0;0.5701415701415692
59.11;1.0;0.001287001287001287;444.0;0.5714285714285705
59.12;2.0;0.002574002574002574;446.0;0.574002574002573
59.13;1.0;0.001287001287001287;447.0;0.5752895752895744
59.18;2.0;0.002574002574002574;449.0;0.5778635778635769
59.2;1.0;0.001287001287001287;450.0;0.5791505791505782
59.21;1.0;0.001287001287001287;451.0;0.5804375804375795
59.24;2.0;0.002574002574002574;453.0;0.5830115830115821
59.29;1.0;0.001287001287001287;454.0;0.5842985842985834
59.32;1.0;0.001287001287001287;455.0;0.5855855855855847
59.35;1.0;0.001287001287001287;456.0;0.586872586872586
59.41;1.0;0.001287001287001287;457.0;0.5881595881595874
59.44;1.0;0.001287001287001287;458.0;0.5894465894465887
59.45;1.0;0.001287001287001287;459.0;0.59073359073359
59.53;1.0;0.001287001287001287;460.0;0.5920205920205913
59.54;1.0;0.001287001287001287;461.0;0.5933075933075926
59.82;1.0;0.001287001287001287;462.0;0.594594594594594
59.83;1.0;0.001287001287001287;463.0;0.5958815958815953
59.94;1.0;0.001287001287001287;464.0;0.5971685971685966
59.97;1.0;0.001287001287001287;465.0;0.5984555984555979
59.98;1.0;0.001287001287001287;466.0;0.5997425997425992
60.04;1.0;0.001287001287001287;467.0;0.6010296010296006
60.05;1.0;0.001287001287001287;468.0;0.6023166023166019
60.09;1.0;0.001287001287001287;469.0;0.6036036036036032
60.17;1.0;0.001287001287001287;470.0;0.6048906048906045
60.25;1.0;0.001287001287001287;471.0;0.6061776061776059
60.33;1.0;0.001287001287001287;472.0;0.6074646074646072
60.36;1.0;0.001287001287001287;473.0;0.6087516087516085
60.4;1.0;0.001287001287001287;474.0;0.6100386100386098
60.41;1.0;0.001287001287001287;475.0;0.6113256113256111
60.5;1.0;0.001287001287001287;476.0;0.6126126126126125
60.58;2.0;0.002574002574002574;478.0;0.615186615186615
60.65;1.0;0.001287001287001287;479.0;0.6164736164736163
60.66;1.0;0.001287001287001287;480.0;0.6177606177606176
60.73;1.0;0.001287001287001287;481.0;0.619047619047619
60.83;1.0;0.001287001287001287;482.0;0.6203346203346203
60.87;1.0;0.001287001287001287;483.0;0.6216216216216216
60.89;1.0;0.001287001287001287;484.0;0.6229086229086229
61.07;1.0;0.001287001287001287;485.0;0.6241956241956242
61.2;1.0;0.001287001287001287;486.0;0.6254826254826256
61.43;1.0;0.001287001287001287;487.0;0.6267696267696269
61.44;2.0;0.002574002574002574;489.0;0.6293436293436294
61.48;1.0;0.001287001287001287;490.0;0.6306306306306307
61.52;1.0;0.001287001287001287;491.0;0.6319176319176321
61.57;1.0;0.001287001287001287;492.0;0.6332046332046334
61.58;1.0;0.001287001287001287;493.0;0.6344916344916347
61.72;1.0;0.001287001287001287;494.0;0.635778635778636
61.8;1.0;0.001287001287001287;495.0;0.6370656370656373
61.85;1.0;0.001287001287001287;496.0;0.6383526383526387
61.9;1.0;0.001287001287001287;497.0;0.63963963963964
61.94;1.0;0.001287001287001287;498.0;0.6409266409266413
62.05;1.0;0.001287001287001287;499.0;0.6422136422136426
62.06;2.0;0.002574002574002574;501.0;0.6447876447876452
62.07;1.0;0.001287001287001287;502.0;0.6460746460746465
62.11;1.0;0.001287001287001287;503.0;0.6473616473616478
62.13;1.0;0.001287001287001287;504.0;0.6486486486486491
62.18;1.0;0.001287001287001287;505.0;0.6499356499356505
62.2;1.0;0.001287001287001287;506.0;0.6512226512226518
62.24;1.0;0.001287001287001287;507.0;0.6525096525096531
62.29;1.0;0.001287001287001287;508.0;0.6537966537966544
62.44;1.0;0.001287001287001287;509.0;0.6550836550836557
62.68;1.0;0.001287001287001287;510.0;0.6563706563706571
62.73;1.0;0.001287001287001287;511.0;0.6576576576576584
62.74;1.0;0.001287001287001287;512.0;0.6589446589446597
62.78;1.0;0.001287001287001287;513.0;0.660231660231661
62.92;1.0;0.001287001287001287;514.0;0.6615186615186623
62.96;1.0;0.001287001287001287;515.0;0.6628056628056637
62.97;1.0;0.001287001287001287;516.0;0.664092664092665
63.05;1.0;0.001287001287001287;517.0;0.6653796653796663
63.12;1.0;0.001287001287001287;518.0;0.6666666666666676
63.15;1.0;0.001287001287001287;519.0;0.667953667953669
63.17;1.0;0.001287001287001287;520.0;0.6692406692406703
63.18;1.0;0.001287001287001287;521.0;0.6705276705276716
63.24;1.0;0.001287001287001287;522.0;0.6718146718146729
63.28;1.0;0.001287001287001287;523.0;0.6731016731016742
63.39;1.0;0.001287001287001287;524.0;0.6743886743886756
63.44;1.0;0.001287001287001287;525.0;0.6756756756756769
63.45;1.0;0.001287001287001287;526.0;0.6769626769626782
63.48;1.0;0.001287001287001287;527.0;0.6782496782496795
63.55;1.0;0.001287001287001287;528.0;0.6795366795366808
63.58;1.0;0.001287001287001287;529.0;0.6808236808236822
63.66;1.0;0.001287001287001287;530.0;0.6821106821106835
63.72;1.0;0.001287001287001287;531.0;0.6833976833976848
63.93;1.0;0.001287001287001287;532.0;0.6846846846846861
63.94;1.0;0.001287001287001287;533.0;0.6859716859716875
63.95;1.0;0.001287001287001287;534.0;0.6872586872586888
64.01;1.0;0.001287001287001287;535.0;0.6885456885456901
64.07;1.0;0.001287001287001287;536.0;0.6898326898326914
64.16;1.0;0.001287001287001287;537.0;0.6911196911196927
64.25;1.0;0.001287001287001287;538.0;0.6924066924066941
64.37;1.0;0.001287001287001287;539.0;0.6936936936936954
64.44;1.0;0.001287001287001287;540.0;0.6949806949806967
64.58;2.0;0.002574002574002574;542.0;0.6975546975546992
64.59;1.0;0.001287001287001287;543.0;0.6988416988417006
64.76;1.0;0.001287001287001287;544.0;0.7001287001287019
64.79;1.0;0.001287001287001287;545.0;0.7014157014157032
65.2;1.0;0.001287001287001287;546.0;0.7027027027027045
65.29;2.0;0.002574002574002574;548.0;0.705276705276707
65.49;1.0;0.001287001287001287;549.0;0.7065637065637084
65.51;1.0;0.001287001287001287;550.0;0.7078507078507097
65.59;1.0;0.001287001287001287;551.0;0.709137709137711
65.93;1.0;0.001287001287001287;552.0;0.7104247104247123
65.94;1.0;0.001287001287001287;553.0;0.7117117117117137
65.97;1.0;0.001287001287001287;554.0;0.712998712998715
66.18;1.0;0.001287001287001287;555.0;0.7142857142857163
66.31;1.0;0.001287001287001287;556.0;0.7155727155727176
66.54;1.0;0.001287001287001287;557.0;0.7168597168597189
66.64;1.0;0.001287001287001287;558.0;0.7181467181467203
66.74;1.0;0.001287001287001287;559.0;0.7194337194337216
66.75;1.0;0.001287001287001287;560.0;0.7207207207207229
66.79;1.0;0.001287001287001287;561.0;0.7220077220077242
67.07;1.0;0.001287001287001287;562.0;0.7232947232947256
67.31;1.0;0.001287001287001287;563.0;0.7245817245817269
67.32;1.0;0.001287001287001287;564.0;0.7258687258687282
67.37;1.0;0.001287001287001287;565.0;0.7271557271557295
67.57;1.0;0.001287001287001287;566.0;0.7284427284427308
67.7;1.0;0.001287001287001287;567.0;0.7297297297297322
67.72;1.0;0.001287001287001287;568.0;0.7310167310167335
67.74;1.0;0.001287001287001287;569.0;0.7323037323037348
67.76;1.0;0.001287001287001287;570.0;0.7335907335907361
67.78;1.0;0.001287001287001287;571.0;0.7348777348777374
67.88;1.0;0.001287001287001287;572.0;0.7361647361647388
67.9;1.0;0.001287001287001287;573.0;0.7374517374517401
68.0;1.0;0.001287001287001287;574.0;0.7387387387387414
68.02;1.0;0.001287001287001287;575.0;0.7400257400257427
68.08;2.0;0.002574002574002574;577.0;0.7425997425997453
68.25;1.0;0.001287001287001287;578.0;0.7438867438867466
68.29;1.0;0.001287001287001287;579.0;0.7451737451737479
68.45;1.0;0.001287001287001287;580.0;0.7464607464607492
68.56;1.0;0.001287001287001287;581.0;0.7477477477477505
68.72;1.0;0.001287001287001287;582.0;0.7490347490347519
68.83;1.0;0.001287001287001287;583.0;0.7503217503217532
69.06;1.0;0.001287001287001287;584.0;0.7516087516087545
69.11;1.0;0.001287001287001287;585.0;0.7528957528957558
69.13;1.0;0.001287001287001287;586.0;0.7541827541827572
69.16;1.0;0.001287001287001287;587.0;0.7554697554697585
69.35;1.0;0.001287001287001287;588.0;0.7567567567567598
69.6;1.0;0.001287001287001287;589.0;0.7580437580437611
69.68;1.0;0.001287001287001287;590.0;0.7593307593307624
69.73;1.0;0.001287001287001287;591.0;0.7606177606177638
69.79;1.0;0.001287001287001287;592.0;0.7619047619047651
70.09;1.0;0.001287001287001287;593.0;0.7631917631917664
70.17;1.0;0.001287001287001287;594.0;0.7644787644787677
70.18;1.0;0.001287001287001287;595.0;0.765765765765769
70.2;1.0;0.001287001287001287;596.0;0.7670527670527704
70.23;1.0;0.001287001287001287;597.0;0.7683397683397717
70.32;1.0;0.001287001287001287;598.0;0.769626769626773
70.39;1.0;0.001287001287001287;599.0;0.7709137709137743
70.46;1.0;0.001287001287001287;600.0;0.7722007722007757
70.48;1.0;0.001287001287001287;601.0;0.773487773487777
70.51;2.0;0.002574002574002574;603.0;0.7760617760617795
70.53;1.0;0.001287001287001287;604.0;0.7773487773487808
70.65;1.0;0.001287001287001287;605.0;0.7786357786357821
70.77;1.0;0.001287001287001287;606.0;0.7799227799227835
70.86;1.0;0.001287001287001287;607.0;0.7812097812097848
70.98;1.0;0.001287001287001287;608.0;0.7824967824967861
71.0;1.0;0.001287001287001287;609.0;0.7837837837837874
71.03;1.0;0.001287001287001287;610.0;0.7850707850707888
71.14;1.0;0.001287001287001287;611.0;0.7863577863577901
71.31;1.0;0.001287001287001287;612.0;0.7876447876447914
71.53;1.0;0.001287001287001287;613.0;0.7889317889317927
71.55;2.0;0.002574002574002574;615.0;0.7915057915057953
71.58;1.0;0.001287001287001287;616.0;0.7927927927927966
71.6;1.0;0.001287001287001287;617.0;0.7940797940797979
71.64;2.0;0.002574002574002574;619.0;0.7966537966538004
71.71;1.0;0.001287001287001287;620.0;0.7979407979408017
71.8;1.0;0.001287001287001287;621.0;0.7992277992278031
71.88;1.0;0.001287001287001287;622.0;0.8005148005148044
72.02;1.0;0.001287001287001287;623.0;0.8018018018018057
72.13;1.0;0.001287001287001287;624.0;0.803088803088807
72.38;1.0;0.001287001287001287;625.0;0.8043758043758084
72.47;1.0;0.001287001287001287;626.0;0.8056628056628097
72.48;1.0;0.001287001287001287;627.0;0.806949806949811
72.59;1.0;0.001287001287001287;628.0;0.8082368082368123
72.62;1.0;0.001287001287001287;629.0;0.8095238095238136
72.67;1.0;0.001287001287001287;630.0;0.810810810810815
72.93;1.0;0.001287001287001287;631.0;0.8120978120978163
73.0;1.0;0.001287001287001287;632.0;0.8133848133848176
73.27;1.0;0.001287001287001287;633.0;0.8146718146718189
73.37;1.0;0.001287001287001287;634.0;0.8159588159588202
73.54;1.0;0.001287001287001287;635.0;0.8172458172458216
73.94;1.0;0.001287001287001287;636.0;0.8185328185328229
74.0;1.0;0.001287001287001287;637.0;0.8198198198198242
74.13;1.0;0.001287001287001287;638.0;0.8211068211068255
74.36;1.0;0.001287001287001287;639.0;0.8223938223938269
74.41;1.0;0.001287001287001287;640.0;0.8236808236808282
74.52;1.0;0.001287001287001287;641.0;0.8249678249678295
74.55;1.0;0.001287001287001287;642.0;0.8262548262548308
74.59;1.0;0.001287001287001287;643.0;0.8275418275418321
74.6;1.0;0.001287001287001287;644.0;0.8288288288288335
74.64;1.0;0.001287001287001287;645.0;0.8301158301158348
74.69;1.0;0.001287001287001287;646.0;0.8314028314028361
75.07;1.0;0.001287001287001287;647.0;0.8326898326898374
75.43;1.0;0.001287001287001287;648.0;0.8339768339768387
75.57;1.0;0.001287001287001287;649.0;0.8352638352638401
76.01;1.0;0.001287001287001287;650.0;0.8365508365508414
76.08;1.0;0.001287001287001287;651.0;0.8378378378378427
76.2;1.0;0.001287001287001287;652.0;0.839124839124844
76.42;1.0;0.001287001287001287;653.0;0.8404118404118454
76.45;1.0;0.001287001287001287;654.0;0.8416988416988467
76.46;2.0;0.002574002574002574;656.0;0.8442728442728492
76.5;1.0;0.001287001287001287;657.0;0.8455598455598505
76.75;1.0;0.001287001287001287;658.0;0.8468468468468519
76.8;1.0;0.001287001287001287;659.0;0.8481338481338532
76.83;1.0;0.001287001287001287;660.0;0.8494208494208545
76.99;1.0;0.001287001287001287;661.0;0.8507078507078558
77.02;1.0;0.001287001287001287;662.0;0.8519948519948571
77.26;1.0;0.001287001287001287;663.0;0.8532818532818585
77.28;1.0;0.001287001287001287;664.0;0.8545688545688598
77.31;1.0;0.001287001287001287;665.0;0.8558558558558611
77.33;1.0;0.001287001287001287;666.0;0.8571428571428624
77.35;1.0;0.001287001287001287;667.0;0.8584298584298637
77.38;1.0;0.001287001287001287;668.0;0.8597168597168651
77.47;1.0;0.001287001287001287;669.0;0.8610038610038664
77.48;2.0;0.002574002574002574;671.0;0.8635778635778689
77.61;1.0;0.001287001287001287;672.0;0.8648648648648702
77.62;1.0;0.001287001287001287;673.0;0.8661518661518716
77.66;1.0;0.001287001287001287;674.0;0.8674388674388729
77.72;1.0;0.001287001287001287;675.0;0.8687258687258742
77.78;1.0;0.001287001287001287;676.0;0.8700128700128755
77.96;1.0;0.001287001287001287;677.0;0.8712998712998768
78.18;1.0;0.001287001287001287;678.0;0.8725868725868782
78.27;1.0;0.001287001287001287;679.0;0.8738738738738795
78.35;1.0;0.001287001287001287;680.0;0.8751608751608808
78.52;1.0;0.001287001287001287;681.0;0.8764478764478821
78.53;1.0;0.001287001287001287;682.0;0.8777348777348835
78.64;1.0;0.001287001287001287;683.0;0.8790218790218848
78.7;1.0;0.001287001287001287;684.0;0.8803088803088861
78.75;1.0;0.001287001287001287;685.0;0.8815958815958874
78.96;1.0;0.001287001287001287;686.0;0.8828828828828887
79.33;1.0;0.001287001287001287;687.0;0.8841698841698901
79.37;1.0;0.001287001287001287;688.0;0.8854568854568914
79.39;1.0;0.001287001287001287;689.0;0.8867438867438927
79.41;1.0;0.001287001287001287;690.0;0.888030888030894
79.49;1.0;0.001287001287001287;691.0;0.8893178893178953
79.5;1.0;0.001287001287001287;692.0;0.8906048906048967
79.77;1.0;0.001287001287001287;693.0;0.891891891891898
80.03;1.0;0.001287001287001287;694.0;0.8931788931788993
80.05;1.0;0.001287001287001287;695.0;0.8944658944659006
80.42;1.0;0.001287001287001287;696.0;0.895752895752902
80.47;1.0;0.001287001287001287;697.0;0.8970398970399033
80.74;1.0;0.001287001287001287;698.0;0.8983268983269046
81.1;1.0;0.001287001287001287;699.0;0.8996138996139059
81.12;1.0;0.001287001287001287;700.0;0.9009009009009072
81.25;1.0;0.001287001287001287;701.0;0.9021879021879086
81.27;1.0;0.001287001287001287;702.0;0.9034749034749099
81.6;1.0;0.001287001287001287;703.0;0.9047619047619112
82.67;1.0;0.001287001287001287;704.0;0.9060489060489125
82.93;1.0;0.001287001287001287;705.0;0.9073359073359138
82.98;1.0;0.001287001287001287;706.0;0.9086229086229152
83.37;1.0;0.001287001287001287;707.0;0.9099099099099165
83.43;1.0;0.001287001287001287;708.0;0.9111969111969178
83.45;1.0;0.001287001287001287;709.0;0.9124839124839191
83.66;1.0;0.001287001287001287;710.0;0.9137709137709205
85.5;1.0;0.001287001287001287;711.0;0.9150579150579218
85.91;1.0;0.001287001287001287;712.0;0.9163449163449231
86.41;2.0;0.002574002574002574;714.0;0.9189189189189256
86.61;1.0;0.001287001287001287;715.0;0.920205920205927
87.11;1.0;0.001287001287001287;716.0;0.9214929214929283
88.09;1.0;0.001287001287001287;717.0;0.9227799227799296
88.25;1.0;0.001287001287001287;718.0;0.9240669240669309
88.85;1.0;0.001287001287001287;719.0;0.9253539253539322
89.39;1.0;0.001287001287001287;720.0;0.9266409266409336
89.71;1.0;0.001287001287001287;721.0;0.9279279279279349
89.72;2.0;0.002574002574002574;723.0;0.9305019305019374
89.79;1.0;0.001287001287001287;724.0;0.9317889317889387
89.98;1.0;0.001287001287001287;725.0;0.9330759330759401
90.39;1.0;0.001287001287001287;726.0;0.9343629343629414
90.45;1.0;0.001287001287001287;727.0;0.9356499356499427
90.8;1.0;0.001287001287001287;728.0;0.936936936936944
92.62;1.0;0.001287001287001287;729.0;0.9382239382239453
93.23;1.0;0.001287001287001287;730.0;0.9395109395109467
93.29;1.0;0.001287001287001287;731.0;0.940797940797948
93.36;1.0;0.001287001287001287;732.0;0.9420849420849493
93.37;2.0;0.002574002574002574;734.0;0.9446589446589518
93.83;1.0;0.001287001287001287;735.0;0.9459459459459532
94.07;1.0;0.001287001287001287;736.0;0.9472329472329545
94.09;1.0;0.001287001287001287;737.0;0.9485199485199558
94.13;1.0;0.001287001287001287;738.0;0.9498069498069571
94.15;1.0;0.001287001287001287;739.0;0.9510939510939584
94.4;1.0;0.001287001287001287;740.0;0.9523809523809598
94.68;2.0;0.002574002574002574;742.0;0.9549549549549623
95.11;1.0;0.001287001287001287;743.0;0.9562419562419636
95.71;1.0;0.001287001287001287;744.0;0.9575289575289649
96.84;1.0;0.001287001287001287;745.0;0.9588159588159663
97.0;1.0;0.001287001287001287;746.0;0.9601029601029676
97.02;1.0;0.001287001287001287;747.0;0.9613899613899689
97.46;2.0;0.002574002574002574;749.0;0.9639639639639714
97.65;1.0;0.001287001287001287;750.0;0.9652509652509728
97.95;1.0;0.001287001287001287;751.0;0.9665379665379741
98.53;1.0;0.001287001287001287;752.0;0.9678249678249754
98.71;1.0;0.001287001287001287;753.0;0.9691119691119767
99.24;1.0;0.001287001287001287;754.0;0.970398970398978
99.28;1.0;0.001287001287001287;755.0;0.9716859716859794
99.4;1.0;0.001287001287001287;756.0;0.9729729729729807
99.71;1.0;0.001287001287001287;757.0;0.974259974259982
100.07;1.0;0.001287001287001287;758.0;0.9755469755469833
100.43;1.0;0.001287001287001287;759.0;0.9768339768339847
100.78;1.0;0.001287001287001287;760.0;0.978120978120986
101.08;1.0;0.001287001287001287;761.0;0.9794079794079873
101.1;1.0;0.001287001287001287;762.0;0.9806949806949886
101.11;1.0;0.001287001287001287;763.0;0.9819819819819899
102.0;1.0;0.001287001287001287;764.0;0.9832689832689913
102.05;1.0;0.001287001287001287;765.0;0.9845559845559926
102.23;1.0;0.001287001287001287;766.0;0.9858429858429939
102.55;1.0;0.001287001287001287;767.0;0.9871299871299952
102.89;1.0;0.001287001287001287;768.0;0.9884169884169965
103.11;1.0;0.001287001287001287;769.0;0.9897039897039979
103.42;1.0;0.001287001287001287;770.0;0.9909909909909992
103.84;1.0;0.001287001287001287;771.0;0.9922779922780005
103.89;1.0;0.001287001287001287;772.0;0.9935649935650018
103.99;1.0;0.001287001287001287;773.0;0.9948519948520032
104.03;1.0;0.001287001287001287;774.0;0.9961389961390045
110.88;1.0;0.001287001287001287;775.0;0.9974259974260058
111.31;1.0;0.001287001287001287;776.0;0.9987129987130071
116.71;1.0;0.001287001287001287;777.0;1.0000000000000084
