VALOR;FREC. ABSOLUTA;FREC. RELATIVA;FREC. ABS. ACUMULADA;FREC. RE. ACUMULADA
2.8;1.0;0.001282051282051282;1.0;0.001282051282051282
2.85;1.0;0.001282051282051282;2.0;0.002564102564102564
3.09;1.0;0.001282051282051282;3.0;0.0038461538461538464
3.21;1.0;0.001282051282051282;4.0;0.005128205128205128
3.25;1.0;0.001282051282051282;5.0;0.00641025641025641
3.27;1.0;0.001282051282051282;6.0;0.007692307692307692
3.32;2.0;0.002564102564102564;8.0;0.010256410256410256
3.38;1.0;0.001282051282051282;9.0;0.011538461538461539
3.39;1.0;0.001282051282051282;10.0;0.012820512820512822
3.41;1.0;0.001282051282051282;11.0;0.014102564102564105
3.42;1.0;0.001282051282051282;12.0;0.015384615384615387
3.47;2.0;0.002564102564102564;14.0;0.01794871794871795
3.5;1.0;0.001282051282051282;15.0;0.019230769230769232
3.51;1.0;0.001282051282051282;16.0;0.020512820512820513
3.54;1.0;0.001282051282051282;17.0;0.021794871794871794
3.56;1.0;0.001282051282051282;18.0;0.023076923076923075
3.59;1.0;0.001282051282051282;19.0;0.024358974358974356
3.6;1.0;0.001282051282051282;20.0;0.025641025641025637
3.63;1.0;0.001282051282051282;21.0;0.026923076923076918
3.65;2.0;0.002564102564102564;23.0;0.029487179487179483
3.7;3.0;0.0038461538461538464;26.0;0.033333333333333326
3.71;1.0;0.001282051282051282;27.0;0.03461538461538461
3.76;1.0;0.001282051282051282;28.0;0.035897435897435895
3.77;2.0;0.002564102564102564;30.0;0.03846153846153846
3.78;1.0;0.001282051282051282;31.0;0.03974358974358974
3.81;5.0;0.00641025641025641;36.0;0.04615384615384615
3.82;1.0;0.001282051282051282;37.0;0.047435897435897434
3.83;1.0;0.001282051282051282;38.0;0.04871794871794872
3.84;2.0;0.002564102564102564;40.0;0.05128205128205128
3.85;1.0;0.001282051282051282;41.0;0.052564102564102565
3.87;1.0;0.001282051282051282;42.0;0.05384615384615385
3.88;1.0;0.001282051282051282;43.0;0.055128205128205134
3.89;2.0;0.002564102564102564;45.0;0.057692307692307696
3.92;1.0;0.001282051282051282;46.0;0.05897435897435898
3.93;1.0;0.001282051282051282;47.0;0.060256410256410264
3.94;2.0;0.002564102564102564;49.0;0.06282051282051283
3.95;1.0;0.001282051282051282;50.0;0.06410256410256411
3.96;2.0;0.002564102564102564;52.0;0.06666666666666668
3.97;1.0;0.001282051282051282;53.0;0.06794871794871796
3.98;3.0;0.0038461538461538464;56.0;0.0717948717948718
4.01;4.0;0.005128205128205128;60.0;0.07692307692307693
4.02;3.0;0.0038461538461538464;63.0;0.08076923076923077
4.03;2.0;0.002564102564102564;65.0;0.08333333333333334
4.04;1.0;0.001282051282051282;66.0;0.08461538461538462
4.06;3.0;0.0038461538461538464;69.0;0.08846153846153847
4.07;1.0;0.001282051282051282;70.0;0.08974358974358974
4.08;2.0;0.002564102564102564;72.0;0.09230769230769231
4.09;2.0;0.002564102564102564;74.0;0.09487179487179488
4.1;1.0;0.001282051282051282;75.0;0.09615384615384616
4.11;3.0;0.0038461538461538464;78.0;0.1
4.12;1.0;0.001282051282051282;79.0;0.10128205128205128
4.13;3.0;0.0038461538461538464;82.0;0.10512820512820513
4.14;5.0;0.00641025641025641;87.0;0.11153846153846154
4.15;2.0;0.002564102564102564;89.0;0.11410256410256411
4.16;2.0;0.002564102564102564;91.0;0.11666666666666668
4.17;2.0;0.002564102564102564;93.0;0.11923076923076925
4.18;3.0;0.0038461538461538464;96.0;0.1230769230769231
4.19;3.0;0.0038461538461538464;99.0;0.12692307692307694
4.2;1.0;0.001282051282051282;100.0;0.12820512820512822
4.21;3.0;0.0038461538461538464;103.0;0.13205128205128208
4.22;2.0;0.002564102564102564;105.0;0.13461538461538464
4.23;4.0;0.005128205128205128;109.0;0.13974358974358977
4.24;1.0;0.001282051282051282;110.0;0.14102564102564105
4.26;2.0;0.002564102564102564;112.0;0.1435897435897436
4.28;1.0;0.001282051282051282;113.0;0.14487179487179488
4.29;1.0;0.001282051282051282;114.0;0.14615384615384616
4.31;1.0;0.001282051282051282;115.0;0.14743589743589744
4.32;2.0;0.002564102564102564;117.0;0.15
4.33;3.0;0.0038461538461538464;120.0;0.15384615384615385
4.34;2.0;0.002564102564102564;122.0;0.1564102564102564
4.35;3.0;0.0038461538461538464;125.0;0.16025641025641024
4.37;2.0;0.002564102564102564;127.0;0.1628205128205128
4.38;2.0;0.002564102564102564;129.0;0.16538461538461535
4.41;3.0;0.0038461538461538464;132.0;0.16923076923076918
4.42;1.0;0.001282051282051282;133.0;0.17051282051282046
4.43;3.0;0.0038461538461538464;136.0;0.1743589743589743
4.44;5.0;0.00641025641025641;141.0;0.1807692307692307
4.46;1.0;0.001282051282051282;142.0;0.182051282051282
4.47;1.0;0.001282051282051282;143.0;0.18333333333333326
4.52;1.0;0.001282051282051282;144.0;0.18461538461538454
4.54;1.0;0.001282051282051282;145.0;0.18589743589743582
4.56;1.0;0.001282051282051282;146.0;0.1871794871794871
4.58;2.0;0.002564102564102564;148.0;0.18974358974358965
4.59;3.0;0.0038461538461538464;151.0;0.1935897435897435
4.6;1.0;0.001282051282051282;152.0;0.1948717948717948
4.61;2.0;0.002564102564102564;154.0;0.19743589743589735
4.62;2.0;0.002564102564102564;156.0;0.1999999999999999
4.63;3.0;0.0038461538461538464;159.0;0.20384615384615373
4.64;2.0;0.002564102564102564;161.0;0.2064102564102563
4.69;2.0;0.002564102564102564;163.0;0.20897435897435884
4.7;2.0;0.002564102564102564;165.0;0.2115384615384614
4.71;1.0;0.001282051282051282;166.0;0.21282051282051268
4.72;2.0;0.002564102564102564;168.0;0.21538461538461523
4.74;1.0;0.001282051282051282;169.0;0.2166666666666665
4.75;3.0;0.0038461538461538464;172.0;0.22051282051282034
4.76;3.0;0.0038461538461538464;175.0;0.22435897435897417
4.77;1.0;0.001282051282051282;176.0;0.22564102564102545
4.78;1.0;0.001282051282051282;177.0;0.22692307692307673
4.81;1.0;0.001282051282051282;178.0;0.228205128205128
4.83;1.0;0.001282051282051282;179.0;0.22948717948717928
4.84;1.0;0.001282051282051282;180.0;0.23076923076923056
4.87;3.0;0.0038461538461538464;183.0;0.2346153846153844
4.88;2.0;0.002564102564102564;185.0;0.23717948717948695
4.89;1.0;0.001282051282051282;186.0;0.23846153846153822
4.91;1.0;0.001282051282051282;187.0;0.2397435897435895
4.93;1.0;0.001282051282051282;188.0;0.24102564102564078
4.95;1.0;0.001282051282051282;189.0;0.24230769230769206
4.96;1.0;0.001282051282051282;190.0;0.24358974358974333
4.98;2.0;0.002564102564102564;192.0;0.2461538461538459
4.99;1.0;0.001282051282051282;193.0;0.24743589743589717
5.01;2.0;0.002564102564102564;195.0;0.24999999999999972
5.02;2.0;0.002564102564102564;197.0;0.2525641025641023
5.03;2.0;0.002564102564102564;199.0;0.25512820512820483
5.04;1.0;0.001282051282051282;200.0;0.2564102564102561
5.05;1.0;0.001282051282051282;201.0;0.2576923076923074
5.07;1.0;0.001282051282051282;202.0;0.25897435897435866
5.09;1.0;0.001282051282051282;203.0;0.26025641025640994
5.11;1.0;0.001282051282051282;204.0;0.2615384615384612
5.13;1.0;0.001282051282051282;205.0;0.2628205128205125
5.18;1.0;0.001282051282051282;206.0;0.2641025641025638
5.2;1.0;0.001282051282051282;207.0;0.26538461538461505
5.23;1.0;0.001282051282051282;208.0;0.26666666666666633
5.25;1.0;0.001282051282051282;209.0;0.2679487179487176
5.27;1.0;0.001282051282051282;210.0;0.2692307692307689
5.28;1.0;0.001282051282051282;211.0;0.27051282051282016
5.31;2.0;0.002564102564102564;213.0;0.2730769230769227
5.32;1.0;0.001282051282051282;214.0;0.274358974358974
5.34;1.0;0.001282051282051282;215.0;0.2756410256410253
5.36;1.0;0.001282051282051282;216.0;0.27692307692307655
5.37;2.0;0.002564102564102564;218.0;0.2794871794871791
5.38;1.0;0.001282051282051282;219.0;0.2807692307692304
5.39;2.0;0.002564102564102564;221.0;0.28333333333333294
5.4;1.0;0.001282051282051282;222.0;0.2846153846153842
5.42;2.0;0.002564102564102564;224.0;0.28717948717948677
5.43;2.0;0.002564102564102564;226.0;0.2897435897435893
5.44;3.0;0.0038461538461538464;229.0;0.29358974358974316
5.45;3.0;0.0038461538461538464;232.0;0.297435897435897
5.46;1.0;0.001282051282051282;233.0;0.29871794871794827
5.47;2.0;0.002564102564102564;235.0;0.3012820512820508
5.48;1.0;0.001282051282051282;236.0;0.3025641025641021
5.49;1.0;0.001282051282051282;237.0;0.3038461538461534
5.5;4.0;0.005128205128205128;241.0;0.3089743589743585
5.52;3.0;0.0038461538461538464;244.0;0.3128205128205123
5.53;2.0;0.002564102564102564;246.0;0.3153846153846149
5.54;1.0;0.001282051282051282;247.0;0.31666666666666615
5.55;2.0;0.002564102564102564;249.0;0.3192307692307687
5.58;3.0;0.0038461538461538464;252.0;0.32307692307692254
5.61;3.0;0.0038461538461538464;255.0;0.32692307692307637
5.62;1.0;0.001282051282051282;256.0;0.32820512820512765
5.63;2.0;0.002564102564102564;258.0;0.3307692307692302
5.64;1.0;0.001282051282051282;259.0;0.3320512820512815
5.66;1.0;0.001282051282051282;260.0;0.33333333333333276
5.7;2.0;0.002564102564102564;262.0;0.3358974358974353
5.72;2.0;0.002564102564102564;264.0;0.33846153846153787
5.73;3.0;0.0038461538461538464;267.0;0.3423076923076917
5.81;1.0;0.001282051282051282;268.0;0.343589743589743
5.82;1.0;0.001282051282051282;269.0;0.34487179487179426
5.84;1.0;0.001282051282051282;270.0;0.34615384615384553
5.85;2.0;0.002564102564102564;272.0;0.3487179487179481
5.88;3.0;0.0038461538461538464;275.0;0.3525641025641019
5.9;1.0;0.001282051282051282;276.0;0.3538461538461532
5.91;1.0;0.001282051282051282;277.0;0.3551282051282045
5.92;1.0;0.001282051282051282;278.0;0.35641025641025575
5.93;1.0;0.001282051282051282;279.0;0.35769230769230703
5.94;2.0;0.002564102564102564;281.0;0.3602564102564096
5.95;1.0;0.001282051282051282;282.0;0.36153846153846086
5.98;1.0;0.001282051282051282;283.0;0.36282051282051214
5.99;1.0;0.001282051282051282;284.0;0.3641025641025634
6.02;1.0;0.001282051282051282;285.0;0.3653846153846147
6.03;2.0;0.002564102564102564;287.0;0.36794871794871725
6.04;1.0;0.001282051282051282;288.0;0.36923076923076853
6.05;1.0;0.001282051282051282;289.0;0.3705128205128198
6.06;2.0;0.002564102564102564;291.0;0.37307692307692236
6.08;1.0;0.001282051282051282;292.0;0.37435897435897364
6.09;3.0;0.0038461538461538464;295.0;0.37820512820512747
6.1;1.0;0.001282051282051282;296.0;0.37948717948717875
6.12;1.0;0.001282051282051282;297.0;0.38076923076923
6.13;1.0;0.001282051282051282;298.0;0.3820512820512813
6.16;1.0;0.001282051282051282;299.0;0.3833333333333326
6.17;1.0;0.001282051282051282;300.0;0.38461538461538386
6.19;1.0;0.001282051282051282;301.0;0.38589743589743514
6.22;1.0;0.001282051282051282;302.0;0.3871794871794864
6.23;1.0;0.001282051282051282;303.0;0.3884615384615377
6.31;1.0;0.001282051282051282;304.0;0.38974358974358897
6.33;1.0;0.001282051282051282;305.0;0.39102564102564025
6.34;1.0;0.001282051282051282;306.0;0.3923076923076915
6.35;2.0;0.002564102564102564;308.0;0.3948717948717941
6.39;1.0;0.001282051282051282;309.0;0.39615384615384536
6.4;1.0;0.001282051282051282;310.0;0.39743589743589663
6.42;1.0;0.001282051282051282;311.0;0.3987179487179479
6.43;2.0;0.002564102564102564;313.0;0.40128205128205047
6.51;1.0;0.001282051282051282;314.0;0.40256410256410174
6.68;2.0;0.002564102564102564;316.0;0.4051282051282043
6.91;1.0;0.001282051282051282;317.0;0.4064102564102556
7.09;1.0;0.001282051282051282;318.0;0.40769230769230685
7.35;1.0;0.001282051282051282;319.0;0.40897435897435813
7.47;1.0;0.001282051282051282;320.0;0.4102564102564094
7.57;1.0;0.001282051282051282;321.0;0.4115384615384607
7.58;1.0;0.001282051282051282;322.0;0.41282051282051196
7.6;1.0;0.001282051282051282;323.0;0.41410256410256324
7.65;2.0;0.002564102564102564;325.0;0.4166666666666658
7.7;2.0;0.002564102564102564;327.0;0.41923076923076835
7.71;1.0;0.001282051282051282;328.0;0.42051282051281963
7.74;1.0;0.001282051282051282;329.0;0.4217948717948709
7.82;3.0;0.0038461538461538464;332.0;0.42564102564102474
7.9;1.0;0.001282051282051282;333.0;0.426923076923076
8.06;1.0;0.001282051282051282;334.0;0.4282051282051273
8.13;1.0;0.001282051282051282;335.0;0.42948717948717857
8.26;1.0;0.001282051282051282;336.0;0.43076923076922985
8.48;1.0;0.001282051282051282;337.0;0.4320512820512811
8.51;1.0;0.001282051282051282;338.0;0.4333333333333324
8.52;1.0;0.001282051282051282;339.0;0.4346153846153837
8.53;1.0;0.001282051282051282;340.0;0.43589743589743496
8.61;1.0;0.001282051282051282;341.0;0.43717948717948624
8.65;2.0;0.002564102564102564;343.0;0.4397435897435888
8.67;1.0;0.001282051282051282;344.0;0.44102564102564007
8.68;1.0;0.001282051282051282;345.0;0.44230769230769135
8.69;2.0;0.002564102564102564;347.0;0.4448717948717939
8.75;1.0;0.001282051282051282;348.0;0.4461538461538452
8.76;1.0;0.001282051282051282;349.0;0.44743589743589646
8.77;3.0;0.0038461538461538464;352.0;0.4512820512820503
8.85;1.0;0.001282051282051282;353.0;0.45256410256410157
8.89;2.0;0.002564102564102564;355.0;0.4551282051282041
8.94;2.0;0.002564102564102564;357.0;0.4576923076923067
8.95;1.0;0.001282051282051282;358.0;0.45897435897435795
8.97;1.0;0.001282051282051282;359.0;0.46025641025640923
9.01;1.0;0.001282051282051282;360.0;0.4615384615384605
9.08;1.0;0.001282051282051282;361.0;0.4628205128205118
9.13;1.0;0.001282051282051282;362.0;0.46410256410256306
9.14;1.0;0.001282051282051282;363.0;0.46538461538461434
9.2;1.0;0.001282051282051282;364.0;0.4666666666666656
9.32;1.0;0.001282051282051282;365.0;0.4679487179487169
9.36;1.0;0.001282051282051282;366.0;0.4692307692307682
9.39;1.0;0.001282051282051282;367.0;0.47051282051281945
9.46;1.0;0.001282051282051282;368.0;0.47179487179487073
9.47;1.0;0.001282051282051282;369.0;0.473076923076922
9.63;1.0;0.001282051282051282;370.0;0.4743589743589733
9.76;1.0;0.001282051282051282;371.0;0.47564102564102456
9.77;1.0;0.001282051282051282;372.0;0.47692307692307584
9.82;1.0;0.001282051282051282;373.0;0.4782051282051271
9.86;1.0;0.001282051282051282;374.0;0.4794871794871784
9.94;1.0;0.001282051282051282;375.0;0.48076923076922967
9.97;1.0;0.001282051282051282;376.0;0.48205128205128095
10.02;1.0;0.001282051282051282;377.0;0.4833333333333322
10.03;1.0;0.001282051282051282;378.0;0.4846153846153835
10.04;1.0;0.001282051282051282;379.0;0.4858974358974348
10.09;1.0;0.001282051282051282;380.0;0.48717948717948606
10.1;1.0;0.001282051282051282;381.0;0.48846153846153734
10.14;1.0;0.001282051282051282;382.0;0.4897435897435886
10.16;1.0;0.001282051282051282;383.0;0.4910256410256399
10.19;1.0;0.001282051282051282;384.0;0.49230769230769117
10.2;1.0;0.001282051282051282;385.0;0.49358974358974245
10.29;1.0;0.001282051282051282;386.0;0.4948717948717937
10.35;2.0;0.002564102564102564;388.0;0.4974358974358963
10.37;1.0;0.001282051282051282;389.0;0.49871794871794756
10.45;1.0;0.001282051282051282;390.0;0.49999999999999883
10.47;1.0;0.001282051282051282;391.0;0.5012820512820502
10.5;1.0;0.001282051282051282;392.0;0.5025641025641014
10.55;1.0;0.001282051282051282;393.0;0.5038461538461527
10.56;1.0;0.001282051282051282;394.0;0.505128205128204
10.75;1.0;0.001282051282051282;395.0;0.5064102564102553
10.91;1.0;0.001282051282051282;396.0;0.5076923076923066
10.95;1.0;0.001282051282051282;397.0;0.5089743589743578
10.96;1.0;0.001282051282051282;398.0;0.5102564102564091
10.97;1.0;0.001282051282051282;399.0;0.5115384615384604
11.01;1.0;0.001282051282051282;400.0;0.5128205128205117
11.03;1.0;0.001282051282051282;401.0;0.5141025641025629
11.06;1.0;0.001282051282051282;402.0;0.5153846153846142
11.07;1.0;0.001282051282051282;403.0;0.5166666666666655
11.1;1.0;0.001282051282051282;404.0;0.5179487179487168
11.13;1.0;0.001282051282051282;405.0;0.519230769230768
11.2;3.0;0.0038461538461538464;408.0;0.5230769230769219
11.24;1.0;0.001282051282051282;409.0;0.5243589743589732
11.26;1.0;0.001282051282051282;410.0;0.5256410256410244
11.28;1.0;0.001282051282051282;411.0;0.5269230769230757
11.3;1.0;0.001282051282051282;412.0;0.528205128205127
11.33;1.0;0.001282051282051282;413.0;0.5294871794871783
11.34;1.0;0.001282051282051282;414.0;0.5307692307692295
11.35;1.0;0.001282051282051282;415.0;0.5320512820512808
11.37;2.0;0.002564102564102564;417.0;0.5346153846153834
11.43;1.0;0.001282051282051282;418.0;0.5358974358974347
11.45;1.0;0.001282051282051282;419.0;0.5371794871794859
11.47;3.0;0.0038461538461538464;422.0;0.5410256410256398
11.49;1.0;0.001282051282051282;423.0;0.542307692307691
11.51;1.0;0.001282051282051282;424.0;0.5435897435897423
11.55;2.0;0.002564102564102564;426.0;0.5461538461538449
11.56;1.0;0.001282051282051282;427.0;0.5474358974358962
11.57;3.0;0.0038461538461538464;430.0;0.55128205128205
11.58;1.0;0.001282051282051282;431.0;0.5525641025641013
11.59;1.0;0.001282051282051282;432.0;0.5538461538461525
11.6;1.0;0.001282051282051282;433.0;0.5551282051282038
11.63;1.0;0.001282051282051282;434.0;0.5564102564102551
11.64;1.0;0.001282051282051282;435.0;0.5576923076923064
11.67;2.0;0.002564102564102564;437.0;0.5602564102564089
11.7;1.0;0.001282051282051282;438.0;0.5615384615384602
11.73;1.0;0.001282051282051282;439.0;0.5628205128205115
11.75;2.0;0.002564102564102564;441.0;0.565384615384614
11.79;1.0;0.001282051282051282;442.0;0.5666666666666653
11.8;1.0;0.001282051282051282;443.0;0.5679487179487166
11.82;1.0;0.001282051282051282;444.0;0.5692307692307679
11.86;1.0;0.001282051282051282;445.0;0.5705128205128192
11.88;1.0;0.001282051282051282;446.0;0.5717948717948704
11.96;1.0;0.001282051282051282;447.0;0.5730769230769217
12.02;1.0;0.001282051282051282;448.0;0.574358974358973
12.06;1.0;0.001282051282051282;449.0;0.5756410256410243
12.18;1.0;0.001282051282051282;450.0;0.5769230769230755
12.25;1.0;0.001282051282051282;451.0;0.5782051282051268
12.28;2.0;0.002564102564102564;453.0;0.5807692307692294
12.4;1.0;0.001282051282051282;454.0;0.5820512820512806
12.43;1.0;0.001282051282051282;455.0;0.5833333333333319
12.46;2.0;0.002564102564102564;457.0;0.5858974358974345
12.58;1.0;0.001282051282051282;458.0;0.5871794871794858
12.62;2.0;0.002564102564102564;460.0;0.5897435897435883
12.65;1.0;0.001282051282051282;461.0;0.5910256410256396
12.67;2.0;0.002564102564102564;463.0;0.5935897435897421
12.69;1.0;0.001282051282051282;464.0;0.5948717948717934
12.71;2.0;0.002564102564102564;466.0;0.597435897435896
12.72;2.0;0.002564102564102564;468.0;0.5999999999999985
12.73;1.0;0.001282051282051282;469.0;0.6012820512820498
12.74;1.0;0.001282051282051282;470.0;0.6025641025641011
12.76;1.0;0.001282051282051282;471.0;0.6038461538461524
12.78;1.0;0.001282051282051282;472.0;0.6051282051282036
12.79;3.0;0.0038461538461538464;475.0;0.6089743589743575
12.82;1.0;0.001282051282051282;476.0;0.6102564102564088
12.83;1.0;0.001282051282051282;477.0;0.61153846153846
12.85;1.0;0.001282051282051282;478.0;0.6128205128205113
12.88;1.0;0.001282051282051282;479.0;0.6141025641025626
12.89;1.0;0.001282051282051282;480.0;0.6153846153846139
12.93;1.0;0.001282051282051282;481.0;0.6166666666666651
12.95;1.0;0.001282051282051282;482.0;0.6179487179487164
12.96;1.0;0.001282051282051282;483.0;0.6192307692307677
12.97;1.0;0.001282051282051282;484.0;0.620512820512819
13.0;1.0;0.001282051282051282;485.0;0.6217948717948703
13.01;1.0;0.001282051282051282;486.0;0.6230769230769215
13.03;2.0;0.002564102564102564;488.0;0.6256410256410241
13.05;1.0;0.001282051282051282;489.0;0.6269230769230754
13.07;1.0;0.001282051282051282;490.0;0.6282051282051266
13.13;1.0;0.001282051282051282;491.0;0.6294871794871779
13.2;2.0;0.002564102564102564;493.0;0.6320512820512805
13.23;2.0;0.002564102564102564;495.0;0.634615384615383
13.26;1.0;0.001282051282051282;496.0;0.6358974358974343
13.27;1.0;0.001282051282051282;497.0;0.6371794871794856
13.31;2.0;0.002564102564102564;499.0;0.6397435897435881
13.33;1.0;0.001282051282051282;500.0;0.6410256410256394
13.34;1.0;0.001282051282051282;501.0;0.6423076923076907
13.41;1.0;0.001282051282051282;502.0;0.643589743589742
13.42;1.0;0.001282051282051282;503.0;0.6448717948717932
13.43;1.0;0.001282051282051282;504.0;0.6461538461538445
13.45;2.0;0.002564102564102564;506.0;0.6487179487179471
13.46;1.0;0.001282051282051282;507.0;0.6499999999999984
13.48;1.0;0.001282051282051282;508.0;0.6512820512820496
13.49;1.0;0.001282051282051282;509.0;0.6525641025641009
13.5;3.0;0.0038461538461538464;512.0;0.6564102564102547
13.51;1.0;0.001282051282051282;513.0;0.657692307692306
13.52;1.0;0.001282051282051282;514.0;0.6589743589743573
13.55;1.0;0.001282051282051282;515.0;0.6602564102564086
13.56;2.0;0.002564102564102564;517.0;0.6628205128205111
13.58;1.0;0.001282051282051282;518.0;0.6641025641025624
13.61;1.0;0.001282051282051282;519.0;0.6653846153846137
13.62;1.0;0.001282051282051282;520.0;0.666666666666665
13.63;1.0;0.001282051282051282;521.0;0.6679487179487162
13.65;1.0;0.001282051282051282;522.0;0.6692307692307675
13.66;3.0;0.0038461538461538464;525.0;0.6730769230769214
13.67;2.0;0.002564102564102564;527.0;0.6756410256410239
13.68;2.0;0.002564102564102564;529.0;0.6782051282051265
13.71;2.0;0.002564102564102564;531.0;0.680769230769229
13.72;1.0;0.001282051282051282;532.0;0.6820512820512803
13.81;1.0;0.001282051282051282;533.0;0.6833333333333316
13.83;2.0;0.002564102564102564;535.0;0.6858974358974341
13.84;1.0;0.001282051282051282;536.0;0.6871794871794854
13.85;3.0;0.0038461538461538464;539.0;0.6910256410256392
13.86;2.0;0.002564102564102564;541.0;0.6935897435897418
13.87;1.0;0.001282051282051282;542.0;0.6948717948717931
13.88;3.0;0.0038461538461538464;545.0;0.6987179487179469
13.9;1.0;0.001282051282051282;546.0;0.6999999999999982
13.91;1.0;0.001282051282051282;547.0;0.7012820512820495
13.94;1.0;0.001282051282051282;548.0;0.7025641025641007
13.96;1.0;0.001282051282051282;549.0;0.703846153846152
14.02;1.0;0.001282051282051282;550.0;0.7051282051282033
14.03;1.0;0.001282051282051282;551.0;0.7064102564102546
14.04;1.0;0.001282051282051282;552.0;0.7076923076923058
14.05;3.0;0.0038461538461538464;555.0;0.7115384615384597
14.1;1.0;0.001282051282051282;556.0;0.712820512820511
14.12;2.0;0.002564102564102564;558.0;0.7153846153846135
14.15;1.0;0.001282051282051282;559.0;0.7166666666666648
14.16;1.0;0.001282051282051282;560.0;0.7179487179487161
14.24;1.0;0.001282051282051282;561.0;0.7192307692307673
14.29;1.0;0.001282051282051282;562.0;0.7205128205128186
14.41;1.0;0.001282051282051282;563.0;0.7217948717948699
14.42;1.0;0.001282051282051282;564.0;0.7230769230769212
14.44;1.0;0.001282051282051282;565.0;0.7243589743589725
14.47;1.0;0.001282051282051282;566.0;0.7256410256410237
14.49;1.0;0.001282051282051282;567.0;0.726923076923075
14.51;1.0;0.001282051282051282;568.0;0.7282051282051263
14.53;2.0;0.002564102564102564;570.0;0.7307692307692288
14.57;1.0;0.001282051282051282;571.0;0.7320512820512801
14.58;3.0;0.0038461538461538464;574.0;0.735897435897434
14.6;3.0;0.0038461538461538464;577.0;0.7397435897435878
14.62;1.0;0.001282051282051282;578.0;0.7410256410256391
14.63;2.0;0.002564102564102564;580.0;0.7435897435897416
14.64;1.0;0.001282051282051282;581.0;0.7448717948717929
14.66;1.0;0.001282051282051282;582.0;0.7461538461538442
14.67;1.0;0.001282051282051282;583.0;0.7474358974358954
14.68;1.0;0.001282051282051282;584.0;0.7487179487179467
14.7;2.0;0.002564102564102564;586.0;0.7512820512820493
14.71;1.0;0.001282051282051282;587.0;0.7525641025641006
14.72;1.0;0.001282051282051282;588.0;0.7538461538461518
14.73;2.0;0.002564102564102564;590.0;0.7564102564102544
14.75;1.0;0.001282051282051282;591.0;0.7576923076923057
14.76;1.0;0.001282051282051282;592.0;0.7589743589743569
14.78;1.0;0.001282051282051282;593.0;0.7602564102564082
14.8;1.0;0.001282051282051282;594.0;0.7615384615384595
14.81;2.0;0.002564102564102564;596.0;0.764102564102562
14.82;1.0;0.001282051282051282;597.0;0.7653846153846133
14.83;3.0;0.0038461538461538464;600.0;0.7692307692307672
14.85;1.0;0.001282051282051282;601.0;0.7705128205128184
14.86;3.0;0.0038461538461538464;604.0;0.7743589743589723
14.87;1.0;0.001282051282051282;605.0;0.7756410256410236
14.88;2.0;0.002564102564102564;607.0;0.7782051282051261
14.89;1.0;0.001282051282051282;608.0;0.7794871794871774
14.9;1.0;0.001282051282051282;609.0;0.7807692307692287
14.91;1.0;0.001282051282051282;610.0;0.7820512820512799
14.92;2.0;0.002564102564102564;612.0;0.7846153846153825
14.95;1.0;0.001282051282051282;613.0;0.7858974358974338
14.97;1.0;0.001282051282051282;614.0;0.787179487179485
14.98;1.0;0.001282051282051282;615.0;0.7884615384615363
14.99;1.0;0.001282051282051282;616.0;0.7897435897435876
15.0;1.0;0.001282051282051282;617.0;0.7910256410256389
15.01;1.0;0.001282051282051282;618.0;0.7923076923076902
15.06;1.0;0.001282051282051282;619.0;0.7935897435897414
15.07;1.0;0.001282051282051282;620.0;0.7948717948717927
15.08;1.0;0.001282051282051282;621.0;0.796153846153844
15.09;1.0;0.001282051282051282;622.0;0.7974358974358953
15.11;1.0;0.001282051282051282;623.0;0.7987179487179465
15.12;2.0;0.002564102564102564;625.0;0.8012820512820491
15.15;1.0;0.001282051282051282;626.0;0.8025641025641004
15.2;1.0;0.001282051282051282;627.0;0.8038461538461517
15.21;2.0;0.002564102564102564;629.0;0.8064102564102542
15.22;2.0;0.002564102564102564;631.0;0.8089743589743568
15.24;1.0;0.001282051282051282;632.0;0.810256410256408
15.25;1.0;0.001282051282051282;633.0;0.8115384615384593
15.27;3.0;0.0038461538461538464;636.0;0.8153846153846132
15.28;2.0;0.002564102564102564;638.0;0.8179487179487157
15.29;1.0;0.001282051282051282;639.0;0.819230769230767
15.31;1.0;0.001282051282051282;640.0;0.8205128205128183
15.32;2.0;0.002564102564102564;642.0;0.8230769230769208
15.33;1.0;0.001282051282051282;643.0;0.8243589743589721
15.35;1.0;0.001282051282051282;644.0;0.8256410256410234
15.42;2.0;0.002564102564102564;646.0;0.8282051282051259
15.46;1.0;0.001282051282051282;647.0;0.8294871794871772
15.47;1.0;0.001282051282051282;648.0;0.8307692307692285
15.48;2.0;0.002564102564102564;650.0;0.833333333333331
15.5;2.0;0.002564102564102564;652.0;0.8358974358974336
15.52;2.0;0.002564102564102564;654.0;0.8384615384615361
15.53;3.0;0.0038461538461538464;657.0;0.84230769230769
15.55;2.0;0.002564102564102564;659.0;0.8448717948717925
15.57;1.0;0.001282051282051282;660.0;0.8461538461538438
15.58;1.0;0.001282051282051282;661.0;0.8474358974358951
15.59;1.0;0.001282051282051282;662.0;0.8487179487179464
15.61;2.0;0.002564102564102564;664.0;0.8512820512820489
15.62;1.0;0.001282051282051282;665.0;0.8525641025641002
15.63;1.0;0.001282051282051282;666.0;0.8538461538461515
15.64;2.0;0.002564102564102564;668.0;0.856410256410254
15.65;1.0;0.001282051282051282;669.0;0.8576923076923053
15.68;1.0;0.001282051282051282;670.0;0.8589743589743566
15.69;2.0;0.002564102564102564;672.0;0.8615384615384591
15.71;1.0;0.001282051282051282;673.0;0.8628205128205104
15.75;1.0;0.001282051282051282;674.0;0.8641025641025617
15.77;1.0;0.001282051282051282;675.0;0.865384615384613
15.8;3.0;0.0038461538461538464;678.0;0.8692307692307668
15.81;1.0;0.001282051282051282;679.0;0.8705128205128181
15.83;1.0;0.001282051282051282;680.0;0.8717948717948694
15.85;3.0;0.0038461538461538464;683.0;0.8756410256410232
15.86;1.0;0.001282051282051282;684.0;0.8769230769230745
15.9;1.0;0.001282051282051282;685.0;0.8782051282051258
15.93;2.0;0.002564102564102564;687.0;0.8807692307692283
15.94;1.0;0.001282051282051282;688.0;0.8820512820512796
15.96;1.0;0.001282051282051282;689.0;0.8833333333333309
15.97;2.0;0.002564102564102564;691.0;0.8858974358974334
15.98;1.0;0.001282051282051282;692.0;0.8871794871794847
16.0;1.0;0.001282051282051282;693.0;0.888461538461536
16.02;1.0;0.001282051282051282;694.0;0.8897435897435872
16.05;1.0;0.001282051282051282;695.0;0.8910256410256385
16.06;1.0;0.001282051282051282;696.0;0.8923076923076898
16.08;2.0;0.002564102564102564;698.0;0.8948717948717924
16.12;1.0;0.001282051282051282;699.0;0.8961538461538436
16.13;1.0;0.001282051282051282;700.0;0.8974358974358949
16.14;2.0;0.002564102564102564;702.0;0.8999999999999975
16.16;1.0;0.001282051282051282;703.0;0.9012820512820487
16.17;1.0;0.001282051282051282;704.0;0.9025641025641
16.22;1.0;0.001282051282051282;705.0;0.9038461538461513
16.23;1.0;0.001282051282051282;706.0;0.9051282051282026
16.26;1.0;0.001282051282051282;707.0;0.9064102564102539
16.35;1.0;0.001282051282051282;708.0;0.9076923076923051
16.4;1.0;0.001282051282051282;709.0;0.9089743589743564
16.41;1.0;0.001282051282051282;710.0;0.9102564102564077
16.47;1.0;0.001282051282051282;711.0;0.911538461538459
16.49;2.0;0.002564102564102564;713.0;0.9141025641025615
16.5;1.0;0.001282051282051282;714.0;0.9153846153846128
16.52;1.0;0.001282051282051282;715.0;0.9166666666666641
16.55;1.0;0.001282051282051282;716.0;0.9179487179487154
16.56;1.0;0.001282051282051282;717.0;0.9192307692307666
16.58;1.0;0.001282051282051282;718.0;0.9205128205128179
16.6;1.0;0.001282051282051282;719.0;0.9217948717948692
16.61;1.0;0.001282051282051282;720.0;0.9230769230769205
16.66;2.0;0.002564102564102564;722.0;0.925641025641023
16.76;1.0;0.001282051282051282;723.0;0.9269230769230743
16.79;1.0;0.001282051282051282;724.0;0.9282051282051256
16.81;1.0;0.001282051282051282;725.0;0.9294871794871769
16.84;1.0;0.001282051282051282;726.0;0.9307692307692281
16.9;1.0;0.001282051282051282;727.0;0.9320512820512794
16.94;1.0;0.001282051282051282;728.0;0.9333333333333307
16.98;2.0;0.002564102564102564;730.0;0.9358974358974332
17.04;1.0;0.001282051282051282;731.0;0.9371794871794845
17.06;1.0;0.001282051282051282;732.0;0.9384615384615358
17.07;1.0;0.001282051282051282;733.0;0.9397435897435871
17.15;1.0;0.001282051282051282;734.0;0.9410256410256383
17.16;1.0;0.001282051282051282;735.0;0.9423076923076896
17.25;1.0;0.001282051282051282;736.0;0.9435897435897409
17.37;1.0;0.001282051282051282;737.0;0.9448717948717922
17.4;1.0;0.001282051282051282;738.0;0.9461538461538435
17.5;1.0;0.001282051282051282;739.0;0.9474358974358947
17.55;1.0;0.001282051282051282;740.0;0.948717948717946
17.69;1.0;0.001282051282051282;741.0;0.9499999999999973
17.76;1.0;0.001282051282051282;742.0;0.9512820512820486
17.86;1.0;0.001282051282051282;743.0;0.9525641025640998
18.08;1.0;0.001282051282051282;744.0;0.9538461538461511
18.13;1.0;0.001282051282051282;745.0;0.9551282051282024
18.2;1.0;0.001282051282051282;746.0;0.9564102564102537
18.26;1.0;0.001282051282051282;747.0;0.957692307692305
18.32;1.0;0.001282051282051282;748.0;0.9589743589743562
18.36;1.0;0.001282051282051282;749.0;0.9602564102564075
18.68;1.0;0.001282051282051282;750.0;0.9615384615384588
18.84;1.0;0.001282051282051282;751.0;0.9628205128205101
19.23;1.0;0.001282051282051282;752.0;0.9641025641025613
19.26;1.0;0.001282051282051282;753.0;0.9653846153846126
19.38;1.0;0.001282051282051282;754.0;0.9666666666666639
19.46;1.0;0.001282051282051282;755.0;0.9679487179487152
19.55;1.0;0.001282051282051282;756.0;0.9692307692307665
19.68;1.0;0.001282051282051282;757.0;0.9705128205128177
19.94;1.0;0.001282051282051282;758.0;0.971794871794869
19.95;1.0;0.001282051282051282;759.0;0.9730769230769203
19.96;1.0;0.001282051282051282;760.0;0.9743589743589716
20.15;1.0;0.001282051282051282;761.0;0.9756410256410228
20.57;1.0;0.001282051282051282;762.0;0.9769230769230741
20.99;1.0;0.001282051282051282;763.0;0.9782051282051254
31.4;1.0;0.001282051282051282;764.0;0.9794871794871767
35.5;1.0;0.001282051282051282;765.0;0.980769230769228
39.12;1.0;0.001282051282051282;766.0;0.9820512820512792
39.36;1.0;0.001282051282051282;767.0;0.9833333333333305
39.91;1.0;0.001282051282051282;768.0;0.9846153846153818
43.03;1.0;0.001282051282051282;769.0;0.9858974358974331
53.5;1.0;0.001282051282051282;770.0;0.9871794871794843
63.77;1.0;0.001282051282051282;771.0;0.9884615384615356
65.01;1.0;0.001282051282051282;772.0;0.9897435897435869
76.79;1.0;0.001282051282051282;773.0;0.9910256410256382
90.0;1.0;0.001282051282051282;774.0;0.9923076923076894
92.41;1.0;0.001282051282051282;775.0;0.9935897435897407
147.98;1.0;0.001282051282051282;776.0;0.994871794871792
193.6;1.0;0.001282051282051282;777.0;0.9961538461538433
225.0;1.0;0.001282051282051282;778.0;0.9974358974358946
325.0;1.0;0.001282051282051282;779.0;0.9987179487179458
347.51;1.0;0.001282051282051282;780.0;0.9999999999999971
